time_total
0.663
0.560
0.564
0.677
0.906
0.588
0.488
0.732
0.628
0.532
0.590
0.624
0.567
0.534
0.593
0.498
0.703
0.620
0.713
0.562
0.542
0.603
0.551
0.531
0.529
0.595
0.519
0.445
0.540
0.563
0.710
0.564
0.745
0.565
0.579
0.563
0.640
0.593
0.669
0.602
0.562
0.643
0.528
0.688
0.651
0.554
0.529
0.619
0.580
0.642
0.696
0.612
0.551
0.599
0.571
0.670
0.593
0.731
0.799
0.607
0.605
0.660
0.523
0.687
0.513
0.591
0.524
0.498
0.739
0.636
0.731
0.548
0.621
0.529
0.539
0.575
0.733
0.939
0.516
0.570
0.515
0.517
0.571
0.566
0.573
0.603
0.527
0.560
0.649
0.660
0.650
0.625
0.455
0.509
0.477
0.587
0.547
0.606
0.742
0.536
0.737
10.002
10.002
10.001
10.005
10.000
10.005
0.598
0.632
0.523
0.552
0.619
0.565
0.880
0.575
0.622
0.604
0.741
0.578
0.539
0.649
0.591
0.624
0.647
1.506
0.465
0.605
0.568
0.679
0.647
0.527
0.601
0.536
0.653
0.687
0.648
0.656
0.587
0.633
0.519
0.542
0.631
0.685
10.001
0.597
0.617
0.585
0.554
0.621
0.536
0.587
0.519
0.566
0.566
0.565
0.613
0.589
0.651
0.541
0.789
0.627
0.624
0.632
0.628
0.656
0.564
0.647
0.569
0.609
0.504
0.570
0.619
0.706
0.670
0.638
0.423
0.706
0.580
0.549
0.696
0.601
0.679
0.436
0.533
0.609
0.672
0.573
0.608
0.658
0.490
0.583
0.521
0.671
0.666
0.538
0.474
0.454
0.538
0.629
0.579
0.661
0.629
0.440
0.521
0.614
0.539
0.550
0.566
0.496
0.436
0.479
0.650
0.667
0.551
0.607
0.633
0.642
0.617
0.559
0.592
0.684
0.760
0.459
0.529
0.486
0.621
0.604
0.676
0.457
0.595
0.595
0.759
0.544
0.755
0.519
0.509
0.577
0.532
0.642
0.574
0.780
0.549
0.600
0.524
0.549
0.526
0.587
0.611
0.550
0.721
0.523
0.812
0.758
0.588
0.471
0.588
0.605
3.123
0.604
0.665
0.783
0.518
0.677
0.529
0.597
0.571
0.522
0.476
0.438
0.546
0.519
0.587
0.637
0.551
0.555
0.535
0.548
0.620
0.904
0.558
0.667
0.479
0.501
0.552
0.539
10.001
0.526
0.802
0.545
0.507
0.608
0.610
0.631
0.631
0.588
0.545
0.518
0.718
0.585
0.615
0.461
0.665
0.545
0.624
0.659
0.573
0.589
0.443
0.456
0.479
0.682
0.554
0.518
0.440
0.579
0.585
0.615
0.470
0.615
0.563
0.504
0.520
0.544
0.544
0.598
0.495
0.626
0.440
0.513
0.481
0.598
0.545
0.435
0.469
0.494
0.554
0.600
0.510
0.482
0.553
0.476
0.520
0.526
0.490
0.439
0.572
0.697
0.496
0.492
0.540
0.500
0.550
0.561
0.419
0.532
0.514
0.454
0.556
0.507
0.469
0.487
0.476
0.595
0.571
0.530
0.617
0.489
0.457
0.575
0.540
0.524
0.615
0.478
0.446
0.752
0.553
0.608
0.533
0.576
0.492
0.451
0.489
0.484
0.651
0.683
0.589
0.655
0.542
0.575
0.701
0.566
0.574
0.501
0.524
0.497
0.641
0.671
0.575
7.575
0.631
0.448
0.639
0.876
0.743
0.654
0.622
0.529
0.528
0.592
0.591
0.593
0.745
0.481
0.519
0.508
0.525
0.574
0.589
0.677
0.707
0.508
0.751
0.663
0.642
0.633
0.544
0.498
10.000
0.590
0.672
0.630
0.476
0.596
0.542
0.486
0.680
0.560
0.590
0.512
0.452
0.505
0.616
0.692
0.682
0.526
0.631
0.610
10.001
0.522
0.586
0.954
10.001
0.503
0.586
0.515
0.529
0.718
0.621
0.541
0.475
0.595
0.562
0.646
0.704
0.572
0.657
0.566
0.488
0.516
0.625
0.556
0.482
0.547
0.530
0.532
0.549
10.001
10.001
10.001
0.437
0.577
0.527
0.662
0.574
0.550
0.496
0.541
0.496
0.506
0.651
0.623
0.565
0.717
0.543
0.656
0.580
0.600
0.609
0.625
0.585
0.551
0.574
0.580
0.629
0.572
0.868
0.698
0.590
0.585
0.641
0.576
0.514
0.527
0.549
0.563
0.640
0.662
0.610
0.760
0.518
0.723
0.663
0.648
0.599
0.559
0.611
0.587
0.556
0.613
0.589
0.604
0.816
0.621
0.539
0.613
0.627
0.613
0.600
0.619
0.904
1.776
0.598
0.720
0.564
0.584
0.543
0.519
0.575
0.600
0.656
1.503
3.043
0.513
0.656
0.607
0.542
0.580
0.604
0.592
0.571
0.605
0.597
0.718
0.601
0.554
0.567
0.640
1.024
0.528
10.001
0.593
0.460
0.485
0.620
0.515
0.657
0.549
0.625
0.622
0.579
0.537
0.656
0.598
0.940
0.475
0.572
0.573
0.718
0.606
0.672
0.682
0.562
0.561
7.464
0.603
0.504
0.604
0.522
0.442
0.583
0.491
0.575
0.525
0.476
0.518
0.512
0.549
0.600
0.528
0.536
0.682
0.503
0.523
0.498
0.600
0.470
0.456
0.587
0.506
0.504
0.482
0.646
0.558
0.510
0.462
0.535
0.557
0.664
0.733
0.578
0.595
0.550
0.488
0.620
0.751
0.573
0.634
0.565
0.518
0.623
0.606
0.772
0.584
0.615
0.505
0.596
3.106
0.701
0.713
0.696
0.654
0.653
0.508
0.660
0.522
0.608
0.632
0.619
0.548
0.575
0.636
0.623
0.624
0.640
0.609
0.878
0.643
0.558
0.661
0.479
0.518
0.550
0.607
0.629
0.634
0.552
0.669
0.636
0.544
0.658
0.618
0.736
0.625
0.500
0.530
0.555
0.584
0.820
7.822
0.556
0.679
0.601
0.578
0.608
0.652
0.651
0.649
0.514
0.531
0.663
0.661
0.685
0.623
0.777
0.534
0.656
0.631
0.611
0.712
0.554
0.688
10.004
0.676
0.725
0.469
0.558
0.602
0.512
0.713
0.731
0.699
0.772
0.756
0.731
0.657
0.670
0.724
0.645
0.608
0.520
0.623
0.578
0.611
0.537
0.661
10.001
0.514
0.597
0.438
10.000
0.663
0.627
0.663
0.583
0.485
0.631
0.509
0.609
0.608
0.666
0.592
0.623
0.594
0.576
0.669
0.640
0.652
0.617
0.715
0.550
0.657
0.564
0.593
0.520
0.613
0.656
0.575
0.729
0.757
0.590
0.620
0.568
0.564
0.561
0.635
0.575
0.533
0.647
0.615
0.574
0.674
0.994
0.618
0.573
0.492
0.654
0.656
0.601
0.719
0.552
0.552
0.581
0.557
0.612
0.553
0.525
0.473
0.664
0.611
0.575
0.770
0.755
0.515
0.495
0.639
0.735
0.686
0.577
0.620
0.622
0.672
0.564
0.609
0.725
0.495
0.552
0.664
0.558
0.636
0.757
0.594
0.592
0.551
0.710
0.563
0.527
0.702
0.611
0.576
0.529
0.539
0.545
0.609
0.594
0.648
0.634
0.630
0.739
0.630
0.586
0.660
0.627
0.853
0.604
0.620
0.618
0.536
0.639
0.597
0.567
0.580
0.545
0.658
0.665
0.742
0.694
0.566
0.582
0.591
0.637
0.539
0.618
0.584
0.648
0.588
0.592
10.001
0.685
0.560
0.633
0.870
0.626
0.731
0.650
0.678
0.559
0.486
10.001
0.617
0.455
0.550
0.571
0.627
0.659
0.628
0.684
0.462
0.586
0.627
0.528
0.530
0.622
0.607
0.457
0.547
0.643
0.594
0.632
0.618
0.454
0.538
0.595
0.682
0.661
0.552
0.592
0.463
0.545
0.711
0.636
0.646
0.625
0.578
0.479
0.698
0.560
0.604
0.599
0.635
0.477
0.518
0.572
0.858
0.636
0.749
0.549
0.506
0.560
0.597
0.686
0.553
0.541
0.621
0.682
0.630
0.683
0.526
1.008
0.457
0.477
0.581
0.609
0.694
0.576
0.643
0.526
0.574
0.732
0.634
0.671
0.633
0.523
0.598
0.584
0.529
0.615
0.699
0.598
0.467
0.492
0.669
0.676
0.955
0.722
0.770
0.443
0.573
0.626
10.000
0.924
0.727
10.003
0.555
0.565
0.621
0.786
0.466
0.593
8.966
0.537
0.660
0.582
0.652
0.506
0.592
0.479
0.582
0.630
0.716
0.592
0.661
0.539
0.568
0.532
0.668
10.005
10.001
0.572
0.458
0.695
0.649
0.746
0.633
0.683
0.539
0.457
0.658
0.720
0.588
0.636
0.629
0.632
0.641
0.575
0.852
10.002
0.622
0.569
0.618
0.565
1.119
0.473
0.655
0.571
0.462
0.558
0.593
0.709
0.483
0.581
0.496
0.489
0.504
0.517
0.605
0.505
0.559
0.431
0.614
0.472
0.708
0.531
0.542
0.506
0.579
0.718
0.619
0.598
0.572
0.708
0.652
0.499
0.584
0.589
0.660
0.605
0.669
0.484
0.692
0.543
0.572
0.692
0.712
0.545
0.567
0.577
0.701
0.658
0.488
0.635
0.485
0.686
0.580
0.685
0.628
0.557
0.472
0.502
0.661
0.531
0.653
0.590
0.639
0.439
0.453
0.623
0.575
0.653
0.630
0.726
0.531
0.557
0.619
0.882
0.555
0.779
0.463
0.458
0.659
0.585
0.599
0.533
0.731
0.486
3.640
0.750
0.800
0.611
0.563
0.963
0.557
0.748
7.600
0.693
0.531
0.644
0.507
0.608
0.521
0.848
0.567
0.696
0.505
0.557
0.580
0.666
0.657
0.545
0.571
0.610
0.509
0.533
0.572
0.687
0.581
0.615
0.626
