time_total
3.571
3.595
0.515
2.609
2.541
3.618
3.673
2.627
2.556
2.309
2.652
3.552
3.544
3.681
3.617
3.262
3.614
2.304
3.653
3.500
3.914
2.613
3.557
3.574
2.548
2.616
3.586
2.567
2.629
3.656
3.880
2.549
3.580
2.681
2.638
3.569
3.649
3.595
3.646
2.517
3.624
2.674
2.608
2.549
2.581
3.694
3.617
2.354
2.943
2.332
3.621
3.948
2.892
4.428
3.214
3.966
2.878
3.907
3.912
3.215
3.965
3.242
4.184
4.197
4.179
4.205
4.285
2.885
3.194
3.915
3.873
3.887
3.908
3.274
3.941
3.238
3.913
2.624
3.921
3.910
4.191
3.992
3.903
3.957
3.865
4.275
3.936
4.220
3.900
4.201
2.933
3.961
3.024
3.897
4.151
3.307
3.221
2.981
3.202
4.015
3.949
4.301
2.867
4.230
2.925
3.943
4.234
4.269
3.070
3.859
4.136
2.955
3.915
3.307
3.822
3.203
3.916
4.308
3.912
2.885
3.864
3.147
3.964
2.966
3.941
3.163
4.268
3.137
4.304
4.182
4.216
3.264
4.006
2.928
4.278
3.006
4.012
3.211
3.116
3.218
2.890
3.965
4.167
2.940
2.696
3.189
2.938
4.184
3.895
3.922
3.950
2.848
3.914
3.977
2.834
4.225
3.107
3.900
2.848
3.913
3.930
4.215
3.895
4.150
4.321
4.239
3.166
4.154
4.288
3.947
3.924
4.158
4.082
3.951
3.301
3.250
4.197
4.158
2.975
4.197
3.924
4.271
4.253
3.232
4.238
3.188
4.203
3.994
4.243
4.289
3.245
3.311
3.937
4.302
4.183
3.181
3.928
3.125
3.027
2.913
2.893
4.202
4.181
3.972
4.172
3.289
2.913
4.205
4.178
4.143
3.263
2.709
4.124
3.160
4.233
3.855
2.921
4.258
3.880
3.912
3.912
2.957
4.213
4.196
3.955
4.185
3.212
2.875
3.858
2.853
2.974
4.151
3.893
2.677
4.249
3.230
2.850
3.133
2.902
3.977
3.165
4.202
4.240
4.979
4.258
4.239
2.988
3.963
2.822
4.202
3.304
3.148
3.865
3.824
2.979
2.917
3.139
4.236
4.204
3.230
4.149
2.875
3.888
4.181
3.147
2.883
4.195
4.181
3.916
4.200
3.898
4.156
4.317
4.319
4.148
4.235
3.845
4.233
4.176
4.241
2.876
4.201
4.232
3.115
4.271
3.945
3.195
5.238
3.894
4.211
4.190
4.192
4.141
3.140
4.227
3.138
3.129
3.939
4.152
3.249
4.192
3.956
3.209
4.237
3.989
4.181
3.979
2.874
2.856
4.236
4.225
2.886
2.868
3.185
4.153
2.894
4.199
4.260
4.278
3.135
3.183
4.166
2.948
3.833
3.305
3.253
3.932
3.824
2.859
4.283
4.272
4.204
3.886
4.302
3.260
3.159
3.933
2.899
4.153
4.262
4.160
5.500
10.001
10.000
10.001
10.001
4.316
3.144
2.878
4.283
3.935
3.884
2.900
4.270
3.912
4.277
4.312
3.174
3.211
3.895
4.259
4.306
3.205
4.266
3.006
4.145
4.147
4.248
2.992
3.143
3.242
3.402
4.031
3.885
5.337
10.000
4.294
4.044
10.000
3.248
3.944
2.858
2.956
3.095
3.887
3.922
3.888
4.308
5.313
3.950
4.329
3.975
2.887
2.856
4.188
3.993
4.219
3.936
4.245
4.231
3.861
4.145
3.968
5.098
4.290
4.220
4.303
4.170
4.192
4.235
4.004
4.333
4.143
4.179
3.892
2.913
2.932
4.173
3.056
4.258
2.844
2.857
2.963
4.235
4.187
4.301
2.712
3.943
3.913
2.965
2.928
2.944
4.231
3.312
2.889
4.290
4.235
3.290
2.858
3.283
3.228
3.956
3.962
4.012
2.913
4.163
3.851
4.232
3.201
4.154
3.260
3.220
2.942
3.964
3.274
3.191
3.229
2.829
3.962
3.908
3.214
3.180
4.004
2.869
4.142
4.111
4.069
2.907
3.079
3.195
3.134
2.913
3.921
4.144
3.905
2.885
4.211
3.190
4.188
4.243
3.883
3.193
4.134
3.919
3.938
3.100
3.846
3.848
3.921
3.203
2.941
3.953
3.920
2.884
3.281
2.665
4.191
2.899
3.333
3.252
3.329
3.917
4.216
4.300
3.349
3.934
3.249
4.231
3.910
3.918
2.980
4.179
4.245
2.931
4.291
2.898
3.877
3.905
4.324
3.887
4.237
2.713
4.214
3.278
4.182
2.845
3.990
2.967
2.952
4.975
3.184
2.928
4.288
3.002
3.877
3.998
4.222
3.205
4.141
4.277
3.274
4.210
3.276
4.301
4.155
4.176
3.935
3.971
3.923
2.999
4.241
3.202
3.877
4.212
3.313
3.916
4.197
4.243
3.899
2.860
2.945
2.892
3.198
3.888
2.824
4.121
3.869
3.129
3.918
4.239
3.994
4.139
2.855
3.274
3.884
3.855
4.107
4.266
4.109
4.124
2.848
3.173
4.111
4.231
4.143
3.913
3.053
2.955
4.269
4.167
4.148
4.176
2.851
3.860
2.965
5.245
4.308
3.117
3.297
4.194
3.996
3.839
4.101
3.970
2.863
3.108
3.892
3.880
3.916
4.180
4.261
2.914
3.972
3.857
3.252
4.279
3.956
3.932
3.149
3.280
3.157
2.982
4.183
4.245
4.184
2.643
4.234
2.869
3.917
3.929
4.143
3.184
4.171
2.902
3.186
3.904
4.204
4.173
4.017
3.994
4.198
4.202
3.975
3.191
4.281
4.157
4.295
3.886
4.233
3.228
4.249
4.124
3.228
3.259
3.912
4.118
4.228
4.275
4.240
2.981
4.346
3.900
4.348
4.217
3.893
3.977
4.026
3.257
4.202
3.008
4.207
3.302
3.018
4.187
3.209
4.148
4.273
4.178
3.976
3.934
3.146
3.275
4.203
3.226
3.881
4.280
3.180
4.213
3.819
4.180
4.198
3.195
2.836
2.723
4.244
3.175
2.927
3.222
3.889
3.157
2.867
3.189
4.205
4.201
3.829
3.163
3.958
2.889
3.857
3.204
3.041
3.897
2.908
4.209
3.880
3.932
3.903
2.874
2.904
3.189
4.158
3.936
2.678
4.309
4.154
4.007
3.935
2.904
3.965
3.164
4.234
3.292
3.143
4.245
3.911
3.008
3.967
3.206
2.891
3.997
2.941
4.005
4.275
4.009
2.897
4.015
3.238
4.171
2.907
4.277
3.938
3.967
2.943
3.919
2.840
3.149
3.206
4.246
4.248
4.149
4.214
3.902
4.013
4.150
3.979
3.913
4.240
2.888
4.211
3.321
4.129
4.210
3.850
3.253
3.898
2.911
3.176
4.213
2.897
3.835
2.973
4.008
4.239
3.303
3.238
3.981
4.232
3.924
3.185
4.247
4.007
2.933
4.297
4.203
4.314
3.202
3.258
3.911
2.908
4.341
3.060
4.343
3.942
3.174
4.218
4.246
4.332
4.318
4.302
3.915
3.213
2.985
3.952
3.245
3.923
4.020
3.152
3.864
4.245
4.220
4.150
4.270
3.256
4.149
4.144
3.217
3.004
3.202
2.832
4.197
2.905
3.213
4.219
3.912
4.305
4.272
3.177
3.244
3.952
3.135
2.896
4.149
3.955
3.918
4.136
3.186
3.792
4.277
3.256
3.933
4.206
3.259
4.260
4.148
2.924
2.901
4.305
2.892
3.956
4.281
3.219
3.172
3.848
4.211
4.153
2.842
3.297
4.227
2.867
2.950
4.276
3.317
3.897
4.144
4.240
4.214
4.127
2.861
3.918
4.250
2.729
4.256
4.307
4.247
3.193
4.247
3.977
4.282
3.917
2.923
3.976
4.144
4.200
2.896
4.232
4.292
3.250
2.914
3.945
4.173
4.225
4.174
3.244
3.885
3.204
3.900
4.192
4.320
4.276
3.988
4.291
3.977
4.268
2.999
4.279
3.939
4.178
3.014
3.921
3.980
3.881
3.910
4.223
4.210
3.125
4.269
2.978
3.275
3.903
4.019
2.972
3.305
4.181
3.896
3.237
4.199
3.906
3.999
4.308
4.268
4.148
3.903
4.147
3.938
4.320
4.197
3.866
4.211
3.848
4.011
2.897
2.899
3.889
2.935
3.168
3.148
3.236
3.175
4.197
4.301
4.256
4.009
4.289
3.824
3.206
3.896
3.877
4.186
4.015
3.906
3.013
3.191
4.146
3.846
2.907
3.827
4.119
3.944
3.886
3.918
3.901
3.261
3.898
3.957
3.920
3.921
4.234
4.242
2.877
3.952
3.097
4.134
3.933
3.929
4.197
4.235
4.248
3.822
3.089
3.833
2.935
3.201
4.015
3.950
3.134
4.085
3.983
3.196
4.307
3.997
3.938
2.972
4.306
3.908
3.946
3.262
2.911
3.245
4.239
3.911
3.312
3.164
2.966
2.818
2.549
4.276
3.997
4.158
3.937
4.250
2.852
3.186
2.954
3.035
3.872
4.276
4.003
4.189
3.180
4.312
3.975
3.195
3.908
3.929
4.228
3.232
2.875
4.017
4.216
4.463
3.887
3.961
4.147
4.292
2.897
3.907
3.167
3.851
4.251
3.863
4.188
3.202
3.162
4.184
4.223
4.218
4.196
4.106
4.190
4.194
3.981
2.980
3.888
2.838
3.889
3.957
3.195
3.183
3.190
4.122
4.320
4.209
4.143
3.860
3.131
4.254
4.005
3.904
3.228
3.008
4.187
3.260
4.181
3.925
4.095
3.888
4.250
4.281
3.968
3.918
3.945
3.252
3.906
4.232
2.908
3.938
4.252
3.972
3.216
3.123
3.231
3.870
4.247
4.241
2.932
3.183
3.882
3.851
3.840
3.871
3.845
3.944
3.879
3.184
3.237
4.200
2.857
2.976
2.868
3.259
3.093
4.192
2.892
3.979
3.908
4.014
3.926
